100
430
441
453
464
476
487
499
511
522
534
545
557
568
580
592
603
615
626
638
650
661
673
685
696
708
720
731
743
755
767
778
790
802
813
825
837
849
860
872
884
896
908
919
931
943
955
967
978
990
1002
1014
1026
1038
1050
1061
1073
1085
1097
1109
1121
1133
1145
1157
1169
1181
1193
1205
1217
1229
1241
1253
1265
1277
1289
1301
1313
1325
1337
1349
1361
1373
1385
1397
1409
1421
1433
1446
1458
1470
1482
1494
1506
1518
1531
1543
1555
1567
1579
1592
1604
1616
1628
1640
1653
1665
1677
1689
1702
1714
1726
1739
1751
1763
1775
1788
1800
1812
1825
1837
1849
1862
1874
1887
1899
1911
1924
1936
1949
1961
1973
1986
1998
2011
2023
2036
2048
2061
2073
2086
2098
2111
2123
2136
2148
2161
2173
2186
2198
2211
2224
2236
2249
2261
2274
2287
2299
2312
2324
2337
2350
2362
2375
2388
2400
2413
2426
2438
2451
2464
2477
2489
2502
2515
2528
2540
2553
2566
2579
2591
2604
2617
2630
2643
2656
2668
2681
2694
2707
2720
2733
2746
2758
2771
2784
2797
2810
2823
2836
2849
2862
2875
2888
2901
2914
2927
2940
2953
2966
2979
2992
3005
3018
3031
3044
3057
3070
3083
3096
3109
3122
3135
3149
3162
3175
3188
3201
3214
3227
3241
3254
3267
3280
3293
3307
3320
3333
3346
3359
3373
3386
3399
3413
3426
3439
3452
3466
3479
3492
3506
3519
3532
3546
3559
3572
3586
3599
3612
3626
3639
3653
3666
3679
3693
3706
3720
3733
3747
3760
3774
3787
3801
3814
3828
3841
3855
3868
3882
3895
3909
3922
3936
3949
3963
3977
3990
4004
4017
4031
4045
4058
4072
4086
4099
4113
4127
4140
4154
4168
4181
4195
4209
4223
4236
4250
4264
4278
4291
4305
4319
4333
4346
4360
4374
4388
4402
4416
4429
4443
4457
4471
4485
4499
4513
4527
4540
4554
4568
4582
4596
4610
4624
4638
4652
4666
4680
4694
4708
4722
4736
4750
4764
4778
4792
4806
4820
4834
4848
4862
4877
4891
4905
4919
4933
4947
4961
4975
4990
5004
5018
5032
5046
5061
5075
5089
5103
5117
5132
5146
5160
5174
5189
5203
5217
5231
5246
5260
5274
5289
5303
5317
5332
5346
5360
5375
5389
5404
5418
5432
5447
5461
5476
5490
5505
5519
5533
5548
5562
5577
5591
5606
5620
5635
5649
5664
5678
5693
5708
5722
5737
5751
5766
5780
5795
5810
5824
5839
5854
5868
5883
5898
5912
5927
5942
5956
5971
5986
6000
6015
6030
6045
6059
6074
6089
6104
6118
6133
6148
6163
6178
6192
6207
6222
6237
6252
6267
6281
6296
6311
6326
6341
6356
6371
6386
6401
6416
6431
6445
6460
6475
6490
6505
6520
6535
6550
6565
6580
6595
6611
6626
6641
6656
6671
6686
6701
6716
6731
6746
6761
6777
6792
6807
6822
6837
6852
6867
6883
6898
6913
6928
6944
6959
6974
6989
7004
7020
7035
7050
7066
7081
7096
7111
7127
7142
7157
7173
7188
7204
7219
7234
7250
7265
7280
7296
7311
7327
7342
7358
7373
7388
7404
7419
7435
7450
7466
7481
7497
7512
7528
7544
7559
7575
7590
7606
7621
7637
7653
7668
7684
7699
7715
7731
7746
7762
7778
7793
7809
7825
7840
7856
7872
7887
7903
7919
7935
7950
7966
7982
7998
8013
8029
8045
8061
8077
8093
8108
8124
8140
8156
8172
8188
8204
8219
8235
8251
8267
8283
8299
8315
8331
8347
8363
8379
8395
8411
8427
8443
8459
8475
8491
8507
8523
8539
8555
8571
8587
8603
8619
8636
8652
8668
8684
8700
8716
8732
8749
8765
8781
8797
8813
8829
8846
8862
8878
8894
8911
8927
8943
8959
8976
8992
9008
9025
9041
9057
9074
9090
9106
9123
9139
9155
9172
9188
9204
9221
9237
9254
9270
9287
9303
9320
9336
9352
9369
9385
9402
9418
9435
9451
9468
9485
9501
9518
9534
9551
9567
9584
9601
9617
9634
9650
9667
9684
9700
9717
9734
9750
9767
9784
9800
9817
9834
9850
9867
9884
9901
9917
9934
9951
9968
9985
10001
10018
10035
10052
10069
10085
10102
10119
10136
10153
10170
10187
10204
10220
10237
10254
10271
10288
10305
10322
10339
10356
10373
10390
10407
10424
10441
10458
10475
10492
10509
10526
10543
10560
10577
10594
10612
10629
10646
10663
10680
10697
10714
10732
10749
10766
10783
10800
10817
10835
10852
10869
10886
10904
10921
10938
10955
10973
10990
11007
11024
11042
11059
11076
11094
11111
11128
11146
11163
11181
11198
11215
11233
11250
11268
11285
11302
11320
11337
11355
11372
11390
11407
11425
11442
11460
11477
11495
11512
11530
11547
11565
11582
11600
11618
11635
11653
11670
11688
11706
11723
11741
11759
11776
11794
11812
11829
11847
11865
11882
11900
11918
11936
11953
11971
11989
12007
12024
12042
12060
12078
12096
12113
12131
12149
12167
12185
12203
12221
12238
12256
12274
12292
12310
12328
12346
12364
12382
12400
12418
12436
12454
12472
12490
12508
12526
12544
12562
12580
12598
12616
12634
12652
12670
12688
12706
12724
12742
12761
12779
12797
12815
12833
12851
12870
12888
12906
12924
12942
12961
12979
12997
13015
13033
13052
13070
13088
13107
13125
13143
13161
13180
13198
13216
13235
13253
13272
13290
13308
13327
13345
13363
13382
13400
13419
13437
13456
13474
13492
13511
13529
13548
13566
13585
13603
13622
13640
13659
13678
13696
13715
13733
13752
13770
13789
13808
13826
13845
13863
13882
13901
13919
13938
13957
13975
13994
14013
14032
14050
14069
14088
14106
14125
14144
14163
14181
14200
14219
14238
14257
14275
14294
14313
14332
14351
14370
14389
14407
14426
14445
14464
14483
14502
14521
14540
14559
14578
14597
14616
14635
14654
14673
14692
14711
14730
14749
14768
14787
14806
14825
14844
14863
14882
14901
14920
14939
14958
14978
14997
15016
15035
15054
15073
15092
15112
15131
15150
15169
15189
15208
15227
15246
15265
15285
15304
15323
15343
15362
15381
15400
15420
15439
15458
15478
15497
15517
15536
15555
15575
15594
15613
15633
15652
15672
15691
15711
15730
15750
15769
15788
15808
15827
15847
15866
15886
15906
15925
15945
15964
15984
16003
16023
16042
16062
16082
16101
16121
16141
16160
16180
16199
16219
16239
16258
16278
16298
16318
16337
16357
16377
16396
16416
16436
16456
16475
16495
16515
16535
16555
16574
16594
16614
16634
16654
16674
16694
16713
16733
16753
16773
16793
16813
16833
16853
16873
16893
16913
16933
16952
16972
16992
17012
17032
17052
17072
17093
17113
17133
17153
17173
17193
17213
17233
17253
17273
17293
17313
17334
17354
17374
17394
17414
17434
17454
17475
17495
17515
17535
17555
17576
17596
17616
17636
17657
17677
17697
17718
17738
17758
17778
17799
17819
17839
17860
17880
17900
17921
17941
17962
17982
18002
18023
18043
18064
18084
18105
18125
18145
18166
18186
18207
18227
18248
18268
18289
18309
18330
18350
18371
18392
18412
18433
18453
18474
18495
18515
18536
18556
18577
18598
18618
18639
18660
18680
18701
18722
18742
18763
18784
18804
18825
18846
18867
18887
18908
18929
18950
18971
18991
19012
19033
19054
19075
19095
19116
19137
19158
19179
19200
19221
19242
19262
19283
19304
19325
19346
19367
19388
19409
19430
19451
19472
19493
19514
19535
19556
19577
19598
19619
19640
19661
19682
19703
19724
19745
19766
19788
19809
19830
19851
19872
19893
19914
19936
19957
19978
19999
20020
20041
20063
20084
20105
20126
20148
20169
20190
20211
20233
20254
20275
20296
20318
20339
20360
20382
20403
20424
20446
20467
20489
20510
20531
20553
20574
20595
20617
20638
20660
20681
20703
20724
20746
20767
20789
20810
20832
20853
20875
20896
20918
20939
20961
20982
21004
21025
21047
21069
21090
21112
21133
21155
21177
21198
21220
21241
21263
21285
21306
21328
21350
21372
21393
21415
21437
21458
21480
21502
21524
21545
21567
21589
21611
21632
21654
21676
21698
21720
21742
21763
21785
21807
21829
21851
21873
21895
21916
21938
21960
21982
22004
22026
22048
22070
22092
22114
22136
22158
22180
22202
22224
22246
22268
22290
22312
22334
22356
22378
22400
22422
22444
22466
22488
22511
22533
22555
22577
22599
22621
22643
22665
22688
22710
22732
22754
22776
22799
22821
22843
22865
22887
22910
22932
22954
22976
22999
23021
23043
23066
23088
23110
23133
23155
23177
23200
23222
23244
23267
23289
23311
23334
23356
23379
23401
23423
23446
23468
23491
23513
23536
23558
23581
23603
23626
23648
23671
23693
23716
23738
23761
23783
23806
23828
23851
23873
23896
23919
23941
23964
23986
24009
24032
24054
24077
24100
24122
24145
24167
24190
24213
24236
24258
24281
24304
24326
24349
24372
24395
24417
24440
24463
24486
24508
24531
24554
24577
24600
24622
24645
24668
24691
24714
24737
24760
24782
24805
24828
24851
24874
24897
24920
24943
24966
24989
25011
25034
25057
25080
25103
25126
25149
25172
25195
25218
25241
25264
25287
25310
25333
25357
25380
25403
25426
25449
25472
25495
25518
25541
25564
25588
25611
25634
25657
25680
25703
25726
25750
25773
25796
25819
25842
25866
25889
25912
25935
25959
25982
26005
26028
26052
26075
26098
26121
26145
26168
26191
26215
26238
26261
26285
26308
26331
26355
26378
26402
26425
26448
26472
26495
26519
26542
26565
26589
26612
26636
26659
26683
26706
26730
26753
26777
26800
26824
26847
26871
26894
26918
26941
26965
26988
27012
27036
27059
27083
27106
27130
27153
27177
27201
27224
27248
27272
27295
27319
27343
27366
27390
27414
27437
27461
27485
27508
27532
27556
27580
27603
27627
27651
27675
27698
27722
27746
27770
27794
27817
27841
27865
27889
27913
27936
27960
27984
28008
28032
28056
28080
28104
28127
28151
28175
28199
28223
28247
28271
28295
28319
28343
28367
28391
28415
28439
28463
28487
28511
28535
28559
28583
28607
28631
28655
28679
28703
28727
28751
28775
28799
28823
28847
28871
28895
28920
28944
28968
28992
29016
29040
29064
29089
29113
29137
29161
29185
29209
29234
29258
29282
29306
29331
29355
29379
29403
29428
29452
29476
29500
29525
29549
29573
29597
29622
29646
29670
29695
29719
29743
29768
29792
29816
29841
29865
29890
29914
29938
29963
29987
30012
30036
30060
30085
30109
30134
30158
30183
30207
30231
30256
30280
30305
30329
30354
30378
30403
30427
30452
30477
30501
30526
30550
30575
30599
30624
30648
30673
30698
30722
30747
30771
30796
30821
30845
30870
30894
30919
30944
30968
30993
31018
31042
31067
31092
31116
31141
31166
31191
31215
31240
31265
31290
31314
31339
31364
31389
31413
31438
31463
31488
31512
31537
31562
31587
31612
31636
31661
31686
31711
31736
31761
31786
31810
31835
31860
31885
31910
31935
31960
31985
32009
32034
32059
32084
32109
32134
32159
32184
32209
32234
32259
32284
32309
32334
32359
32384
32409
32434
32459
32484
32509
32534
32559
32584
32609
32634
32659
32684
32709
32735
32760
32785
32810
32835
32860
32885
32910
32935
32961
32986
33011
33036
33061
33086
33111
33137
33162
33187
33212
33237
33263
33288
33313
33338
33363
33389
33414
33439
33464
33490
33515
33540
33565
33591
33616
33641
33667
33692
33717
33743
33768
33793
33818
33844
33869
33894
33920
33945
33971
33996
34021
34047
34072
34097
34123
34148
34174
34199
34224
34250
34275
34301
34326
34352
34377
34403
34428
34453
34479
34504
34530
34555
34581
34606
34632
34657
34683
34708
34734
34759
34785
34810
34836
34862
34887
34913
34938
34964
34989
35015
35041
35066
35092
35117
35143
35169
35194
35220
35245
35271
35297
35322
35348
35374
35399
35425
35451
35476
35502
35528
35553
35579
35605
35630
35656
35682
35708
35733
35759
35785
35811
35836
35862
35888
35914
35939
35965
35991
36017
36042
36068
36094
36120
36146
36171
36197
36223
36249
36275
36301
36326
36352
36378
36404
36430
36456
36482
36507
36533
36559
36585
36611
36637
36663
36689
36715
36741
36766
36792
36818
36844
36870
36896
36922
36948
36974
37000
37026
37052
37078
37104
37130
37156
37182
37208
37234
37260
37286
37312
37338
37364
37390
37416
37442
37468
37494
37520
37546
37572
37598
37624
37651
37677
37703
37729
37755
37781
37807
37833
37859
37885
37912
37938
37964
37990
38016
38042
38068
38095
38121
38147
38173
38199
38225
38252
38278
38304
38330
38356
38383
38409
38435
38461
38488
38514
38540
38566
38592
38619
38645
38671
38697
38724
38750
38776
38803
38829
38855
38881
38908
38934
38960
38987
39013
39039
39065
39092
39118
39144
39171
39197
39223
39250
39276
39302
39329
39355
39382
39408
39434
39461
39487
39513
39540
39566
39593
39619
39645
39672
39698
39725
39751
39778
39804
39830
39857
39883
39910
39936
39963
39989
40016
40042
40068
40095
40121
40148
40174
40201
40227
40254
40280
40307
40333
40360
40386
40413
40439
40466
40492
40519
40546
40572
40599
40625
40652
40678
40705
40731
40758
40785
40811
40838
40864
40891
40917
40944
40971
40997
41024
41050
41077
41104
41130
41157
41184
41210
41237
41263
41290
41317
41343
41370
41397
41423
41450
41477
41503
41530
41557
41583
41610
41637
41663
41690
41717
41743
41770
41797
41824
41850
41877
41904
41930
41957
41984
42011
42037
42064
42091
42117
42144
42171
42198
42224
42251
42278
42305
42332
42358
42385
42412
42439
42465
42492
42519
42546
42573
42599
42626
42653
42680
42707
42733
42760
42787
42814
42841
42868
42894
42921
42948
42975
43002
43029
43055
43082
43109
43136
43163
43190
43217
43244
43270
43297
43324
43351
43378
43405
43432
43459
43486
43512
43539
43566
43593
43620
43647
43674
43701
43728
43755
43782
43809
43835
43862
43889
43916
43943
43970
43997
44024
44051
44078
44105
44132
44159
44186
44213
44240
44267
44294
44321
44348
44375
44402
44429
44456
44483
44510
44537
44564
44591
44618
44645
44672
44699
44726
44753
44780
44807
44834
44861
44888
44915
44942
44969
44996
45023
45050
45077
45104
45131
45158
45186
45213
45240
45267
45294
45321
45348
45375
45402
45429
45456
45483
45510
45538
45565
45592
45619
45646
45673
45700
45727
45754
45781
45809
45836
45863
45890
45917
45944
45971
45998
46026
46053
46080
46107
46134
46161
46188
46216
46243
46270
46297
46324
46351
46378
46406
46433
46460
46487
46514
46541
46569
46596
46623
46650
46677
46704
46732
46759
46786
46813
46840
46868
46895
46922
46949
46976
47004
47031
47058
47085
47112
47140
47167
47194
47221
47248
47276
47303
47330
47357
47385
47412
47439
47466
47493
47521
47548
47575
47602
47630
47657
47684
47711
47739
47766
47793
47820
47848
47875
47902
47929
47957
47984
48011
48038
48066
48093
48120
48147
48175
48202
48229
48256
48284
48311
48338
48366
48393
48420
48447
48475
48502
48529
48557
48584
48611
48638
48666
48693
48720
48748
48775
48802
48829
48857
48884
48911
48939
48966
48993
49021
49048
49075
49103
49130
49157
49184
49212
49239
49266
49294
49321
49348
49376
49403
49430
49458
49485
49512
49540
49567
49594
49622
49649
49676
49704
49731
49758
49786
49813
49840
49868
49895
49922
49950
49977
50004
50032
50059
50086
50114
50141
50168
50196
50223
50250
50278
50305
50332
50360
50387
50415
50442
50469
50497
50524
50551
50579
50606
50633
50661
50688
50715
50743
50770
50798
50825
50852
50880
50907
50934
50962
50989
51016
51044
51071
51099
51126
51153
51181
51208
51235
51263
51290
51318
51345
51372
51400
51427
51454
51482
51509
51537
51564
51591
51619
51646
51673
51701
51728
51756
51783
51810
51838
51865
51892
51920
51947
51975
52002
52029
52057
52084
52111
52139
52166
52194
52221
52248
52276
52303
52330
52358
52385
52413
52440
52467
52495
52522
52550
52577
52604
52632
52659
52686
52714
52741
52769
52796
52823
52851
52878
52905
52933
52960
52988
53015
53042
53070
53097
53124
53152
53179
53207
53234
53261
53289
53316
53343
53371
53398
53426
53453
53480
53508
53535
53562
53590
53617
53645
53672
53699
53727
53754
53781
53809
53836
53864
53891
53918
53946
53973
54000
54028
54055
54083
54110
54137
54165
54192
54219
54247
54274
54301
54329
54356
54384
54411
54438
54466
54493
54520
54548
54575
54602
54630
54657
54684
54712
54739
54767
54794
54821
54849
54876
54903
54931
54958
54985
55013
55040
55067
55095
55122
55149
55177
55204
55231
55259
55286
55313
55341
55368
55395
55423
55450
55477
55505
55532
55559
55587
55614
55641
55669
55696
55723
55751
55778
55805
55833
55860
55887
55915
55942
55969
55996
56024
56051
56078
56106
56133
56160
56188
56215
56242
56270
56297
56324
56351
56379
56406
56433
56461
56488
56515
56542
56570
56597
56624
56652
56679
56706
56733
56761
56788
56815
56843
56870
56897
56924
56952
56979
57006
57033
57061
57088
57115
57142
57170
57197
57224
57251
57279
57306
57333
57360
57388
57415
57442
57469
57497
57524
57551
57578
57606
57633
57660
57687
57714
57742
57769
57796
57823
57851
57878
57905
57932
57959
57987
58014
58041
58068
58095
58123
58150
58177
58204
58231
58259
58286
58313
58340
58367
58395
58422
58449
58476
58503
58530
58558
58585
58612
58639
58666
58693
58721
58748
58775
58802
58829
58856
58883
58911
58938
58965
58992
59019
59046
59073
59101
59128
59155
59182
59209
59236
59263
59290
59318
59345
59372
59399
59426
59453
59480
59507
59534
59561
59589
59616
59643
59670
59697
59724
59751
59778
59805
59832
59859
59886
59913
59941
59968
59995
60022
60049
60076
60103
60130
60157
60184
60211
60238
60265
60292
60319
60346
60373
60400
60427
60454
60481
60508
60535
60562
60589
60616
60643
60670
60697
60724
60751
60778
60805
60832
60859
60886
60913
60940
60967
60994
61021
61048
61075
61102
61129
61156
61183
61210
61237
61264
61290
61317
61344
61371
61398
61425
61452
61479
61506
61533
61560
61587
61613
61640
61667
61694
61721
61748
61775
61802
61829
61855
61882
61909
61936
61963
61990
62017
62044
62070
62097
62124
62151
62178
62205
62231
62258
62285
62312
62339
62366
62392
62419
62446
62473
62500
62526
62553
62580
62607
62634
62660
62687
62714
62741
62767
62794
62821
62848
62875
62901
62928
62955
62982
63008
63035
63062
63088
63115
63142
63169
63195
63222
63249
63275
63302
63329
63356
63382
63409
63436
63462
63489
63516
63542
63569
63596
63622
63649
63676
63702
63729
63756
63782
63809
63836
63862
63889
63915
63942
63969
63995
64022
64049
64075
64102
64128
64155
64182
64208
64235
64261
64288
64314
64341
64368
64394
64421
64447
64474
64500
64527
64553
64580
64607
64633
64660
64686
64713
64739
64766
64792
64819
64845
64872
64898
64925
64951
64978
65004
65031
65057
65083
65110
65136
65163
65189
65216
65242
65269
65295
65321
65348
65374
65401
65427
65454
65480
65506
65533
65559
65586
65612
65638
65665
65691
65717
65744
65770
65797
65823
65849
65876
65902
65928
65955
65981
66007
66034
66060
66086
66112
66139
66165
66191
66218
66244
66270
66296
66323
66349
66375
66402
66428
66454
66480
66507
66533
66559
66585
66611
66638
66664
66690
66716
66743
66769
66795
66821
66847
66874
66900
66926
66952
66978
67004
67031
67057
67083
67109
67135
67161
67187
67214
67240
67266
67292
67318
67344
67370
67396
67422
67448
67475
67501
67527
67553
67579
67605
67631
67657
67683
67709
67735
67761
67787
67813
67839
67865
67891
67917
67943
67969
67995
68021
68047
68073
68099
68125
68151
68177
68203
68229
68255
68281
68307
68333
68358
68384
68410
68436
68462
68488
68514
68540
68566
68592
68617
68643
68669
68695
68721
68747
68773
68798
68824
68850
68876
68902
68928
68953
68979
69005
69031
69057
69082
69108
69134
69160
69185
69211
69237
69263
69288
69314
69340
69366
69391
69417
69443
69469
69494
69520
69546
69571
69597
69623
69648
69674
69700
69725
69751
69777
69802
69828
69854
69879
69905
69930
69956
69982
70007
70033
70058
70084
70110
70135
70161
70186
70212
70237
70263
70289
70314
70340
70365
70391
70416
70442
70467
70493
70518
70544
70569
70595
70620
70646
70671
70696
70722
70747
70773
70798
70824
70849
70875
70900
70925
70951
70976
71002
71027
71052
71078
71103
71128
71154
71179
71205
71230
71255
71281
71306
71331
71356
71382
71407
71432
71458
71483
71508
71534
71559
71584
71609
71635
71660
71685
71710
71736
71761
71786
71811
71836
71862
71887
71912
71937
71962
71988
72013
72038
72063
72088
72113
72138
72164
72189
72214
72239
72264
72289
72314
72339
72364
72390
72415
72440
72465
72490
72515
72540
72565
72590
72615
72640
72665
72690
72715
72740
72765
72790
72815
72840
72865
72890
72915
72940
72965
72990
73015
73040
73065
73090
73114
73139
73164
73189
73214
73239
73264
73289
73313
73338
73363
73388
73413
73438
73463
73487
73512
73537
73562
73587
73611
73636
73661
73686
73710
73735
73760
73785
73809
73834
73859
73884
73908
73933
73958
73983
74007
74032
74057
74081
74106
74131
74155
74180
74205
74229
74254
74278
74303
74328
74352
74377
74401
74426
74451
74475
74500
74524
74549
74573
74598
74622
74647
74672
74696
74721
74745
74770
74794
74819
74843
74868
74892
74916
74941
74965
74990
75014
75039
75063
75087
75112
75136
75161
75185
75209
75234
75258
75283
75307
75331
75356
75380
75404
75429
75453
75477
75502
75526
75550
75574
75599
75623
75647
75671
75696
75720
75744
75768
75793
75817
75841
75865
75890
75914
75938
75962
75986
76010
76035
76059
76083
76107
76131
76155
76179
76204
76228
76252
76276
76300
76324
76348
76372
76396
76420
76444
76468
76492
76516
76540
76564
76588
76612
76636
76660
76684
76708
76732
76756
76780
76804
76828
76852
76876
76900
76924
76948
76972
76995
77019
77043
77067
77091
77115
77139
77163
77186
77210
77234
77258
77282
77305
77329
77353
77377
77401
77424
77448
77472
77496
77519
77543
77567
77591
77614
77638
77662
77685
77709
77733
77756
77780
77804
77827
77851
77875
77898
77922
77946
77969
77993
78016
78040
78063
78087
78111
78134
78158
78181
78205
78228
78252
78275
78299
78322
78346
78369
78393
78416
78440
78463
78487
78510
78534
78557
78580
78604
78627
78651
78674
78697
78721
78744
78768
78791
78814
78838
78861
78884
78908
78931
78954
78978
79001
79024
79047
79071
79094
79117
79140
79164
79187
79210
79233
79257
79280
79303
79326
79349
79373
79396
79419
79442
79465
79488
79511
79535
79558
79581
79604
79627
79650
79673
79696
79719
79742
79766
79789
79812
79835
79858
79881
79904
79927
79950
79973
79996
80019
80042
80065
80088
80110
80133
80156
80179
80202
80225
80248
80271
80294
80317
80339
80362
80385
80408
80431
80454
80477
80499
80522
80545
80568
80591
80613
80636
80659
80682
80704
80727
80750
80773
80795
80818
80841
80863
80886
80909
80932
80954
80977
80999
81022
81045
81067
81090
81113
81135
81158
81180
81203
81226
81248
81271
81293
81316
81338
81361
81383
81406
81428
81451
81473
81496
81518
81541
81563
81586
81608
81631
81653
81676
81698
81720
81743
81765
81788
81810
81832
81855
81877
81899
81922
81944
81966
81989
82011
82033
82056
82078
82100
82123
82145
82167
82189
82212
82234
82256
82278
82300
82323
82345
82367
82389
82411
82434
82456
82478
82500
82522
82544
82566
82588
82611
82633
82655
82677
82699
82721
82743
82765
82787
82809
82831
82853
82875
82897
82919
82941
82963
82985
83007
83029
83051
83073
83095
83117
83139
83161
83183
83204
83226
83248
83270
83292
83314
83336
83357
83379
83401
83423
83445
83467
83488
83510
83532
83554
83575
83597
83619
83641
83662
83684
83706
83727
83749
83771
83793
83814
83836
83858
83879
83901
83922
83944
83966
83987
84009
84030
84052
84074
84095
84117
84138
84160
84181
84203
84224
84246
84267
84289
84310
84332
84353
84375
84396
84418
84439
84461
84482
84504
84525
84546
84568
84589
84610
84632
84653
84675
84696
84717
84739
84760
84781
84803
84824
84845
84866
84888
84909
84930
84951
84973
84994
85015
85036
85058
85079
85100
85121
85142
85163
85185
85206
85227
85248
85269
85290
85311
85333
85354
85375
85396
85417
85438
85459
85480
85501
85522
85543
85564
85585
85606
85627
85648
85669
85690
85711
85732
85753
85774
85795
85816
85837
85857
85878
85899
85920
85941
85962
85983
86004
86024
86045
86066
86087
86108
86128
86149
86170
86191
86212
86232
86253
86274
86295
86315
86336
86357
86377
86398
86419
86439
86460
86481
86501
86522
86543
86563
86584
86604
86625
86646
86666
86687
86707
86728
86749
86769
86790
86810
86831
86851
86872
86892
86913
86933
86954
86974
86994
87015
87035
87056
87076
87097
87117
87137
87158
87178
87199
87219
87239
87260
87280
87300
87321
87341
87361
87381
87402
87422
87442
87463
87483
87503
87523
87544
87564
87584
87604
87624
87645
87665
87685
87705
87725
87745
87765
87786
87806
87826
87846
87866
87886
87906
87926
87946
87966
87986
88006
88027
88047
88067
88087
88107
88127
88147
88166
88186
88206
88226
88246
88266
88286
88306
88326
88346
88366
88386
88405
88425
88445
88465
88485
88505
88525
88544
88564
88584
88604
88624
88643
88663
88683
88703
88722
88742
88762
88781
88801
88821
88841
88860
88880
88900
88919
88939
88958
88978
88998
89017
89037
89057
89076
89096
89115
89135
89154
89174
89193
89213
89233
89252
89272
89291
89311
89330
89349
89369
89388
89408
89427
89447
89466
89486
89505
89524
89544
89563
89582
89602
89621
89641
89660
89679
89699
89718
89737
89756
89776
89795
89814
89834
89853
89872
89891
89910
89930
89949
89968
89987
90007
90026
90045
90064
90083
90102
90121
90141
90160
90179
90198
90217
90236
90255
90274
90293
90312
90331
90350
90369
90388
90407
90426
90445
90464
90483
90502
90521
90540
90559
90578
90597
90616
90635
90654
90673
90692
90710
90729
90748
90767
90786
90805
90824
90842
90861
90880
90899
90918
90936
90955
90974
90993
91011
91030
91049
91067
91086
91105
91124
91142
91161
91180
91198
91217
91236
91254
91273
91291
91310
91329
91347
91366
91384
91403
91421
91440
91459
91477
91496
91514
91533
91551
91570
91588
91607
91625
91643
91662
91680
91699
91717
91736
91754
91772
91791
91809
91827
91846
91864
91883
91901
91919
91938
91956
91974
91992
92011
92029
92047
92066
92084
92102
92120
92138
92157
92175
92193
92211
92229
92248
92266
92284
92302
92320
92338
92357
92375
92393
92411
92429
92447
92465
92483
92501
92519
92537
92555
92573
92591
92609
92627
92645
92663
92681
92699
92717
92735
92753
92771
92789
92807
92825
92843
92861
92878
92896
92914
92932
92950
92968
92986
93003
93021
93039
93057
93075
93092
93110
93128
93146
93163
93181
93199
93217
93234
93252
93270
93287
93305
93323
93340
93358
93376
93393
93411
93429
93446
93464
93481
93499
93517
93534
93552
93569
93587
93604
93622
93639
93657
93674
93692
93709
93727
93744
93762
93779
93797
93814
93831
93849
93866
93884
93901
93918
93936
93953
93971
93988
94005
94023
94040
94057
94075
94092
94109
94126
94144
94161
94178
94195
94213
94230
94247
94264
94282
94299
94316
94333
94350
94367
94385
94402
94419
94436
94453
94470
94487
94505
94522
94539
94556
94573
94590
94607
94624
94641
94658
94675
94692
94709
94726
94743
94760
94777
94794
94811
94828
94845
94862
94879
94895
94912
94929
94946
94963
94980
94997
95014
95030
95047
95064
95081
95098
95114
95131
95148
95165
95182
95198
95215
95232
95249
95265
95282
95299
95315
95332
95349
95365
95382
95399
95415
95432
95449
95465
95482
95498
95515
95532
95548
95565
95581
95598
95614
95631
95648
95664
95681
95697
95714
95730
95747
95763
95779
95796
95812
95829
95845
95862
95878
95895
95911
95927
95944
95960
95976
95993
96009
96025
96042
96058
96074
96091
96107
96123
96140
96156
96172
96188
96205
96221
96237
96253
96270
96286
96302
96318
96334
96350
96367
96383
96399
96415
96431
96447
96463
96480
96496
96512
96528
96544
96560
96576
96592
96608
96624
96640
96656
96672
96688
96704
96720
96736
96752
96768
96784
96800
96816
96832
96848
96864
96880
96895
96911
96927
96943
96959
96975
96991
97006
97022
97038
97054
97070
97086
97101
97117
97133
97149
97164
97180
97196
97212
97227
97243
97259
97274
97290
97306
97321
97337
97353
97368
97384
97400
97415
97431
97446
97462
97478
97493
97509
97524
97540
97555
97571
97587
97602
97618
97633
97649
97664
97680
97695
97711
97726
97741
97757
97772
97788
97803
97819
97834
97849
97865
97880
97895
97911
97926
97942
97957
97972
97988
98003
98018
98033
98049
98064
98079
98095
98110
98125
98140
98155
98171
98186
98201
98216
98232
98247
98262
98277
98292
98307
98322
98338
98353
98368
98383
98398
98413
98428
98443
98458
98473
98488
98504
98519
98534
98549
98564
98579
98594
98609
98624
98639
98654
98668
98683
98698
98713
98728
98743
98758
98773
98788
98803
98818
98832
98847
98862
98877
98892
98907
98921
98936
98951
98966
98981
98995
99010
99025
99040
99054
99069
99084
99099
99113
99128
99143
99157
99172
99187
99201
99216
99231
99245
99260
99275
99289
99304
99319
99333
99348
99362
99377
99391
99406
99421
99435
99450
99464
99479
99493
99508
99522
99537
99551
99566
99580
99594
99609
99623
99638
99652
99667
99681
99695
99710
99724
99739
99753
99767
99782
99796
99810
99825
99839
99853
99868
99882
99896
99910
99925
99939
99953
99967
99982
99996
100010
100024
100038
100053
100067
100081
100095
100109
100124
100138
100152
100166
100180
100194
100208
100222
100237
100251
100265
100279
100293
100307
100321
100335
100349
100363
100377
100391
100405
100419
100433
100447
100461
100475
100489
100503
100517
100531
100545
100559
100572
100586
100600
100614
100628
100642
100656
100670
100683
100697
100711
100725
100739
100753
100766
100780
100794
100808
100821
100835
100849
100863
100876
100890
100904
100918
100931
100945
100959
100972
100986
101000
101013
101027
101041
101054
101068
101082
101095
101109
101122
101136
101150
101163
101177
101190
101204
101217
101231
101244
101258
101271
101285
101298
101312
101325
101339
101352
101366
101379
101393
101406
101420
101433
101446
101460
101473
101487
101500
101513
101527
101540
101553
101567
101580
101593
101607
101620
101633
101647
101660
101673
101686
101700
101713
101726
101740
101753
101766
101779
101792
101806
101819
101832
101845
101858
101872
101885
101898
101911
101924
101937
101950
101964
101977
101990
102003
102016
102029
102042
102055
102068
102081
102094
102107
102120
102133
102146
102159
102172
102185
102198
102211
102224
102237
102250
102263
102276
102289
102302
102315
102328
102341
102353
102366
102379
102392
102405
102418
102431
102443
102456
102469
102482
102495
102508
102520
102533
102546
102559
102571
102584
102597
102610
102622
102635
102648
102661
102673
102686
102699
102711
102724
102737
102749
102762
102775
102787
102800
102812
102825
102838
102850
102863
102875
102888
102901
102913
102926
102938
102951
102963
102976
102988
103001
103013
103026
103038
103051
103063
103076
103088
103101
103113
103126
103138
103150
103163
103175
103188
103200
103212
103225
103237
103250
103262
103274
103287
103299
103311
103324
103336
103348
103360
103373
103385
103397
103410
103422
103434
103446
103459
103471
103483
103495
103507
103520
103532
103544
103556
103568
103581
103593
103605
103617
103629
103641
103653
103666
103678
103690
103702
103714
103726
103738
103750
103762
103774
103786
103798
103810
103822
103834
103846
103858
103870
103882
103894
103906
103918
103930
103942
103954
103966
103978
103990
104002
104014
104026
104038
104049
104061
104073
104085
104097
104109
104121
104132
104144
104156
104168
104180
104191
104203
104215
104227
104239
104250
104262
104274
104286
104297
104309
104321
104332
104344
104356
104368
104379
104391
104403
104414
104426
104438
104449
104461
104473
104484
104496
104507
104519
104531
104542
104554
104565
104577
104588
104600
104612
104623
104635
104646
104658
104669
